2986 4
3092 0
909 4
2701 1
1575 2
1913 2
1116 4
1077 0
1837 2
2750 3
1438 0
182 4
739 1
1442 0
618 1
1439 0
84 1
3034 5
1949 4
2026 4
454 4
535 0
1778 0
1314 1
1120 0
2762 5
1458 1
2448 4
2190 0
3157 5
2394 5
3289 5
1310 5
3195 4
1220 0
2976 4
1752 2
992 0
3190 4
2512 4
1336 4
1900 4
998 4
2789 4
2544 4
2643 4
472 4
1444 4
133 0
2256 4
3022 0
2430 0
444 4
2400 3
2371 0
2369 1
937 5
2440 1
1070 0
96 4
3152 1
1086 3
2763 0
2359 2
1485 4
1626 0
510 0
3061 0
3160 1
858 0
1112 4
2819 4
678 4
1811 1
661 5
3318 4
2301 4
613 5
2954 5
401 0
1445 1
1887 4
2640 0
213 5
1717 4
1612 0
1115 1
1879 2
2684 0
326 4
1127 5
1832 3
7 4
2840 0
2629 0
1779 0
951 5
240 2
2311 0
1094 4
67 0
665 4
789 5
1565 0
6 4
1383 0
1339 0
1398 0
1899 1
3125 4
2854 4
2159 4
2115 1
3078 2
0 4
509 4
2530 4
2041 1
3144 0
2552 4
986 1
2368 4
749 0
2235 5
2124 2
1595 4
920 2
3246 0
1776 1
548 3
2500 5
105 4
1607 4
2446 4
234 2
1897 3
1939 4
1020 4
912 4
243 4
3168 2
1694 4
869 4
862 3
2880 4
564 4
3087 4
340 0
686 4
87 1
2550 1
2201 0
1148 0
3225 0
2139 0
2774 0
2407 0
902 0
2813 4
2404 5
2182 4
3265 3
68 5
743 4
905 1
1580 4
1181 4
2965 0
2305 1
961 3
1957 4
2663 4
1623 5
2924 2
2040 4
847 5
1838 0
361 4
2193 0
2671 5
46 0
2189 4
3220 0
2978 5
766 0
2220 4
1729 4
1462 4
1190 4
2864 0
51 4
2284 5
791 4
917 4
643 0
2059 3
630 4
3275 4
2175 4
2793 4
2699 0
1599 2
3312 4
3124 4
965 4
1514 0
978 0
497 3
2391 4
208 4
2003 3
1034 4
756 0
2498 0
900 4
540 5
729 0
316 2
1227 5
2331 0
3200 0
2422 0
516 0
2317 0
924 0
2121 3
2146 4
3089 0
2281 0
2946 4
253 4
1848 0
1650 0
2094 0
2338 0
244 0
2517 0
2350 4
2470 1
2255 4
2095 4
2787 4
305 4
2460 5
380 0
2883 4
1844 4
1144 4
856 0
1631 3
3085 4
1035 0
2966 4
1474 0
1482 0
2046 4
278 0
2116 0
2596 4
1588 0
2654 4
1055 0
1662 5
2259 2
2633 4
1537 0
220 5
2111 0
162 5
2798 2
2939 2
2855 4
3106 5
2087 2
1386 5
1246 0
2129 0
2170 4
167 5
152 3
502 2
2215 4
2730 4
758 2
379 5
2286 5
3201 5
2335 4
362 2
73 2
2431 2
1166 0
2922 0
487 3
896 2
1999 0
546 0
3226 5
440 2
360 0
1826 3
588 1
2686 0
3271 0
1546 0
2878 5
1425 4
3012 4
1877 1
704 3
2376 0
1407 1
210 4
353 4
2951 4
311 4
469 4
3159 0
680 0
1066 4
1236 4
1544 0
1725 0
2173 4
870 1
2112 1
134 1
1215 1
1305 2
30 2
3213 2
3292 1
738 0
3242 4
215 4
645 0
2724 0
366 4
626 5
873 4
1222 4
2863 4
1230 0
1241 3
2611 4
628 4
242 4
277 4
2796 4
1843 0
2262 4
781 4
2960 1
3253 1
1753 1
3047 0
2534 0
1257 0
652 3
263 3
2358 4
2420 4
1699 1
557 0
553 0
744 0
1589 0
1216 4
1955 4
2122 4
852 3
2178 1
1636 0
1628 4
804 0
439 1
1754 1
1670 1
192 1
2527 4
1785 5
290 3
1056 0
1833 1
2007 1
1800 4
867 4
2690 4
1979 4
2330 4
906 0
2425 0
1152 0
784 4
107 4
1683 2
839 3
2499 3
3276 3
3240 4
2559 4
3177 4
1748 4
1356 4
136 4
486 4
506 0
3038 5
1687 0
1125 4
2497 4
1775 4
2479 4
3114 3
1292 0
1320 3
2679 4
2638 4
115 4
144 0
1183 0
1728 1
1065 0
2575 1
1689 4
443 4
891 4
3122 0
663 0
1823 5
421 5
894 2
141 3
556 3
2765 4
1451 4
1052 4
619 0
2794 0
1515 0
1 0
61 1
2032 0
928 1
2957 0
2131 0
660 5
2333 0
1247 4
2856 1
2801 1
1137 0
1015 5
2249 4
2817 4
3254 0
864 0
688 5
1894 5
1807 0
346 0
344 1
1540 0
2644 0
2712 4
1936 3
3101 3
1401 4
662 0
1283 0
429 0
2253 0
47 4
1773 0
2406 5
1265 0
2778 0
1228 0
1938 4
2218 5
715 4
2155 0
2551 0
3117 0
2648 4
2568 0
477 4
2378 4
1280 4
3148 4
1237 5
1279 3
963 4
1346 4
1759 4
1932 4
2615 4
2295 4
2392 5
2413 4
308 4
697 0
3009 0
2385 0
2384 4
1927 5
1842 4
952 0
2918 0
3115 4
2872 0
2791 4
3127 1
1006 1
2529 4
1162 4
1159 0
2455 0
2229 1
2293 4
2148 4
2962 0
1983 0
517 0
3045 1
203 0
505 4
806 4
1604 2
1881 4
1619 4
165 4
116 4
2569 5
2092 5
2236 0
166 4
1944 5
1715 0
493 0
3161 2
1801 0
2495 4
2181 3
2080 2
221 1
771 4
1107 0
1134 4
1986 0
1829 0
2294 0
2145 1
3111 5
3294 0
3186 0
60 1
984 0
259 0
2790 3
2383 0
552 5
1299 5
2027 3
492 4
1502 3
479 0
1921 5
3181 4
1795 4
319 4
407 0
1864 0
1726 0
1053 0
174 0
3079 0
769 2
2683 1
991 4
1740 0
2289 0
461 3
455 4
148 4
1092 4
2963 0
117 4
542 1
2337 4
3257 0
2071 2
2209 0
2313 4
805 4
2893 4
25 4
2172 0
448 0
1666 0
625 4
2692 5
3018 0
1129 4
3255 4
2759 4
3287 4
1968 4
1043 0
2288 0
2622 3
4 4
1564 4
2943 4
719 2
1629 2
363 0
3016 5
2848 4
2862 0
266 4
190 4
2028 4
1830 4
2130 4
2386 4
3231 1
2627 2
1118 3
3234 1
3155 4
2308 4
2014 4
2438 0
571 0
790 3
1976 0
878 1
1309 1
1738 0
1360 0
2873 4
408 4
1867 4
1991 2
2991 1
1459 0
490 4
62 0
1184 4
2518 4
713 4
2874 2
83 3
3324 4
2307 0
1219 4
1767 3
2257 0
1302 4
3051 4
2021 4
1761 3
974 4
1741 5
1067 0
2802 4
1042 4
2834 0
810 0
1745 0
312 4
28 5
716 0
1685 4
1260 4
2484 4
722 1
614 4
2298 1
498 0
2270 3
1185 4
2772 0
32 0
3313 0
1582 0
1101 0
1585 0
879 5
128 4
569 4
3203 4
1364 5
3267 0
1475 3
2089 2
2206 0
2696 0
1324 0
3136 0
279 0
1791 1
44 4
2562 3
2010 3
908 0
194 0
3037 0
2900 1
1002 1
3244 0
2625 1
627 5
2015 0
1637 3
1901 3
2210 0
2617 4
2079 4
2744 4
2196 4
3060 4
503 2
1196 2
3224 0
1904 4
1814 0
471 0
3295 4
537 4
695 4
2931 5
173 4
2866 4
1798 4
511 4
925 4
1958 0
2356 2
1541 5
994 4
1757 0
1810 1
2221 0
1571 0
835 0
2947 0
406 0
732 0
1907 4
724 4
874 4
747 4
1590 5
2892 0
1467 1
783 4
500 4
1350 4
2665 4
2564 4
1617 1
2926 0
2222 4
623 1
1039 3
3268 4
976 0
1994 5
3023 5
2283 0
2224 0
3077 0
1908 1
2464 4
982 1
1697 0
442 4
2398 0
2549 1
2052 1
2594 5
2327 1
2811 1
2043 4
1731 4
2188 4
1880 4
837 2
1720 4
1186 0
1513 4
3263 5
347 4
2037 3
151 4
2123 0
3019 5
772 0
1859 0
2653 5
587 5
2429 0
821 0
1341 0
737 4
3145 4
2820 4
2642 4
158 3
33 4
2023 0
1993 5
2752 4
1105 4
1765 4
1334 4
3306 3
120 0
725 3
1193 4
2736 4
3191 5
2674 4
1368 0
1735 2
1733 0
1557 0
1443 0
2766 1
2928 5
642 5
1208 5
2314 4
515 4
1858 4
3084 4
1165 2
56 0
710 4
2108 0
938 0
122 4
1977 0
960 1
1231 4
258 4
1012 4
1739 4
1133 4
1085 3
2716 3
1431 3
1808 4
512 4
910 2
2373 3
1323 3
2835 5
1695 4
3024 4
2989 5
1140 4
1657 4
354 4
610 4
1212 1
2680 4
2915 4
1915 3
3081 0
3215 4
2022 0
2101 4
382 4
2897 0
1806 4
1286 1
2621 4
1784 1
1630 5
2757 0
2977 0
388 5
2769 4
1487 5
2510 5
1290 0
1045 2
1495 2
1173 5
88 4
1651 4
399 1
36 5
441 1
513 5
1764 4
2567 0
579 4
1618 0
1449 0
1660 0
3139 0
2662 0
3175 0
919 4
1348 3
1929 5
2024 0
1672 0
1634 2
129 5
1353 0
1998 3
1328 2
2600 1
2091 0
1661 4
1714 0
2414 0
1573 0
224 4
3232 5
2490 4
2906 3
1471 3
3319 4
1303 0
1164 4
1519 4
3219 4
1355 4
219 0
979 4
1572 4
971 4
2975 4
2118 4
2528 2
3205 4
118 4
733 4
367 3
93 4
3315 0
426 1
566 2
2858 2
2548 4
1102 4
459 0
2451 0
2583 4
1427 4
741 0
814 4
816 0
1594 4
877 1
2852 3
1569 4
2232 5
119 4
2158 4
2688 2
2543 0
1861 3
1794 3
1707 4
37 1
223 1
280 4
368 0
1527 4
1611 0
1954 0
91 1
1435 4
2076 4
272 4
3031 4
3036 4
2297 4
1911 2
2082 4
3259 0
1950 4
2154 4
125 4
1821 5
255 0
2361 5
1229 4
2251 4
2979 4
996 5
554 0
3250 0
2203 0
646 1
2749 4
1281 4
433 0
995 0
411 0
1209 0
585 0
1059 4
2447 4
3132 5
545 0
2354 1
2468 5
2910 1
721 1
774 2
1326 5
249 5
3221 4
2816 1
3028 0
586 1
1072 4
2233 2
2488 5
2395 5
2843 1
857 1
698 2
886 3
840 4
2920 5
463 5
1389 1
2969 0
2084 1
1234 1
851 5
1369 1
2478 1
482 1
140 1
1441 2
889 3
372 1
2713 1
3017 1
2494 1
3178 5
2664 3
609 5
2675 5
3199 1
2443 5
48 1
2483 5
561 1
2461 5
2532 1
901 0
1473 0
2853 5
298 3
2624 4
1177 5
3056 1
2555 1
787 4
2261 1
1884 5
1203 5
156 0
297 2
3027 0
1385 1
750 4
419 1
2945 4
1890 5
193 1
1421 5
3042 1
1498 4
1684 5
3126 1
696 4
2318 1
1868 1
2718 1
2132 5
2105 4
1106 5
2002 3
1479 5
2077 3
2533 3
1786 1
1288 5
2167 1
596 1
2375 1
2850 4
1372 2
1579 1
335 1
199 1
2244 3
988 1
1763 5
664 5
3214 2
3310 3
607 0
2492 0
496 1
163 1
673 5
1078 1
1047 2
1003 3
217 1
415 5
617 3
770 1
1916 4
2592 1
1681 3
2578 5
703 5
2141 0
2515 1
35 1
1839 2
2660 1
2441 1
2509 5
2676 1
2363 5
934 5
823 1
2919 1
72 5
3166 0
2271 5
3123 1
139 5
1918 1
216 3
1526 1
1530 3
3291 1
3236 5
2102 2
2312 0
2005 5
2467 5
983 3
3067 1
184 2
1966 1
2933 5
2907 1
580 5
3135 0
842 5
708 0
760 5
1850 0
927 1
2841 5
3130 5
955 1
2063 1
2486 5
2591 1
528 0
1087 3
1266 5
2348 1
26 2
832 3
1593 3
529 0
1301 3
8 3
1620 5
1734 3
1472 5
2269 1
3147 0
881 1
3273 2
2876 5
2126 5
2570 1
975 0
201 3
2899 0
2740 1
458 3
1522 3
2268 0
2628 5
849 4
1420 1
314 0
3218 5
196 0
2352 1
1122 4
2110 0
818 2
17 3
2553 3
3070 4
2590 3
49 3
1484 0
2909 2
1902 3
1654 0
352 3
2272 3
3212 1
109 0
2140 5
2650 1
306 0
339 0
1825 0
2504 3
1935 4
1647 0
718 3
332 1
2164 2
3303 0
551 0
1409 4
1885 0
3120 1
98 3
2019 0
1792 5
50 1
3264 0
1145 1
1912 0
1210 1
3140 1
699 3
2715 1
2049 5
1893 1
2930 1
2388 0
2347 3
612 3
325 2
899 1
1750 1
1872 3
594 0
1344 3
3266 3
2584 0
1568 1
103 5
3164 3
3296 5
1644 0
146 0
395 5
2409 1
3304 3
336 5
1206 5
1317 0
779 3
2818 0
1649 0
1179 0
79 0
349 3
2097 1
1889 4
2114 5
2805 1
2382 0
3192 3
310 3
2168 3
1300 1
3308 1
187 5
2477 2
424 3
2846 3
2449 3
800 3
3321 1
968 3
2450 5
1403 0
2045 3
2174 1
321 3
2090 1
2217 5
1682 1
3251 5
2424 0
198 5
1416 5
692 5
2704 3
3176 5
1805 5
11 1
1384 1
608 0
2345 5
2452 3
793 3
1363 0
1967 5
431 4
289 5
451 0
1461 0
1591 3
631 3
3105 0
2125 0
3134 0
2741 3
237 3
3090 0
3216 3
679 3
2035 5
897 4
2241 3
1298 0
1883 3
52 1
1119 2
2104 0
1616 5
2773 0
464 1
1570 2
1476 5
2604 2
669 2
967 5
170 2
2666 5
742 5
519 3
1710 1
1375 5
2987 5
40 5
2985 5
2632 5
2647 2
2456 5
432 5
2721 1
723 5
1049 1
1509 0
667 5
1411 5
1622 3
2727 5
2776 2
1376 5
414 0
2433 3
892 0
2687 2
1770 5
1534 2
1235 0
666 4
356 1
2177 1
871 1
1342 1
2735 1
2332 1
1158 0
1549 1
1470 0
3098 5
1638 5
2230 2
574 1
1577 1
1886 1
2069 1
1718 1
2402 5
1723 5
1501 5
1038 5
1294 0
392 1
2204 2
3091 4
3086 2
2417 2
709 1
2760 1
3008 3
3197 0
3300 4
2526 3
2585 3
110 3
830 0
200 1
2619 1
230 1
1613 5
1547 5
1138 0
2514 2
2349 3
1063 3
2810 3
3237 3
2098 3
1970 4
480 5
2877 1
3311 1
3074 5
1722 1
1536 2
1343 1
351 1
1643 3
676 3
2631 3
1331 1
2240 1
2656 5
2083 3
1382 3
2630 0
2219 3
2524 3
3196 3
436 5
1675 2
132 0
2768 3
2673 2
2677 3
2955 0
3141 3
1452 1
2737 0
2983 1
2824 3
3064 3
77 0
358 1
3208 1
2300 0
31 1
2905 2
3258 4
911 1
876 1
656 1
1742 1
1304 3
2652 5
2223 3
2465 1
683 5
1933 3
418 3
1477 2
1273 3
226 1
1197 5
456 5
1769 1
2459 5
650 4
1306 1
1189 1
257 1
437 1
403 3
76 3
462 3
1199 2
2480 3
1217 1
3297 1
2340 1
1256 1
269 5
745 0
81 5
3223 5
3057 2
2895 0
2651 5
2432 0
3227 3
1178 3
3279 4
2936 0
1539 5
711 5
475 5
1972 1
1121 0
1846 4
987 1
2214 1
3131 3
1836 1
2739 1
573 1
1387 2
567 2
3206 1
2614 1
2706 1
1218 1
3093 3
2 3
2238 3
3143 0
2086 1
329 1
1307 1
2365 1
3299 5
3088 3
1922 3
2807 1
1141 3
3193 0
563 3
1447 1
2554 1
3053 5
2828 5
1822 2
3298 2
491 5
449 1
2557 5
1989 2
1080 5
933 4
875 4
595 0
2889 5
1109 1
1997 3
2162 3
1663 1
1671 5
2761 3
1558 4
169 2
1480 3
1768 1
446 3
2482 5
2832 3
1978 5
302 5
3001 5
1244 0
273 0
2838 0
2520 3
2415 3
746 5
882 0
558 0
693 5
2597 5
3204 5
1486 0
3207 0
1504 1
2782 1
2795 1
2694 1
3239 3
1841 1
2502 1
2462 1
2246 1
536 1
2786 3
939 5
572 1
2571 3
400 1
1678 1
1771 1
2967 1
3072 3
1419 3
3262 5
24 1
2542 4
239 1
307 1
1329 5
212 5
501 3
1851 5
3100 0
1096 5
1374 1
2826 5
65 1
3252 1
3202 1
3209 0
2473 1
1269 5
3171 2
559 1
534 5
1084 5
2060 0
2531 5
2722 0
78 3
622 1
2321 1
391 3
1170 0
3129 0
633 5
690 4
638 5
590 2
1543 3
985 3
1746 5
274 5
2144 1
3048 0
941 1
836 0
2981 5
228 0
2869 5
104 5
2668 0
2556 0
1262 3
730 3
251 3
2751 1
1996 1
1195 3
185 4
3158 3
1987 0
2405 0
1005 1
2334 5
2018 5
1624 1
1113 3
114 1
1525 1
1156 5
376 1
2419 1
765 5
275 1
3010 5
1390 2
2913 1
944 2
1041 1
1555 5
1254 5
1865 3
181 0
1896 5
1207 1
1780 3
762 3
1980 3
2439 3
1600 3
533 1
1655 3
2847 3
180 5
2396 3
9 3
1214 3
296 0
1079 5
1335 5
1468 5
1960 0
831 3
829 1
868 5
452 4
921 1
1492 0
3172 1
1238 5
1981 5
1037 5
1135 2
1392 1
172 5
2999 5
3180 5
2252 5
1860 5
2418 5
1426 5
82 5
1155 3
1001 0
322 0
720 5
3059 5
903 5
2710 5
2355 2
3211 1
2608 0
1812 3
1264 1
270 1
2038 0
1354 0
1924 2
1535 3
313 1
238 2
855 4
2868 5
1503 3
1261 0
1787 1
331 1
2199 3
1433 3
1494 0
2416 5
2637 5
189 1
1875 4
2058 4
1639 3
2822 1
2904 3
2051 1
1615 1
1914 3
2493 5
315 0
1758 5
670 0
3137 4
2719 0
58 3
843 3
499 1
2377 5
222 0
3041 5
267 1
3026 2
2487 3
13 3
3063 3
1910 5
3316 0
1095 5
863 1
674 0
1213 2
755 1
1413 1
1091 5
637 1
1516 3
2968 0
2137 0
3032 1
2343 1
1845 5
834 3
1249 1
2266 1
341 1
872 5
2036 5
55 1
2836 1
261 3
425 3
1432 0
3307 5
435 5
1205 5
2717 3
489 5
1399 3
3112 1
3302 0
2044 1
2020 3
2953 0
1466 1
943 3
2860 3
523 3
1160 3
2767 3
1132 3
142 5
1751 3
1524 4
1973 4
1440 4
1446 3
1538 3
1831 1
2875 4
1512 4
1756 0
450 1
2636 0
337 3
2056 3
2709 5
1703 0
2639 2
3165 2
3156 2
2053 1
2707 3
95 2
3322 0
1117 1
2072 5
300 1
2728 1
1415 4
1724 5
584 3
416 3
2884 3
1964 5
1876 2
531 1
1840 5
651 3
14 3
3187 4
2239 1
1142 4
225 1
2065 0
1788 0
3154 1
761 3
1737 4
2693 4
1233 3
63 3
2582 0
3108 2
2061 1
3325 1
3068 0
2277 1
1782 0
2695 0
2950 0
3094 3
1928 3
2777 1
138 4
916 5
705 5
841 3
1931 0
2720 1
2898 1
524 1
582 1
655 1
907 2
2948 1
1489 1
1605 3
1295 3
3096 3
1799 5
453 5
384 0
2669 3
195 5
727 1
930 3
3194 3
2770 1
3222 1
1276 3
2119 1
1556 5
1394 1
1866 4
191 5
1009 4
598 4
3116 0
1971 0
3007 1
1370 3
514 5
159 5
3049 1
2573 3
1313 3
1062 5
2360 5
2445 0
309 0
2610 1
1680 0
1267 2
3006 3
1749 3
3285 3
1797 0
1548 5
2213 1
21 1
1603 3
1698 5
2390 5
323 5
1030 3
2971 2
2341 5
1947 1
1058 5
3323 0
945 5
3138 5
232 5
371 5
1225 3
1291 5
2814 0
3076 2
2367 5
214 0
1855 3
1959 2
2513 4
2163 4
2157 1
2287 5
97 1
143 1
950 1
845 0
1050 1
2649 0
1014 2
2602 2
1730 3
2572 5
624 5
3290 5
350 0
1667 0
57 3
2738 3
1429 3
2057 3
606 3
1895 3
1969 3
1653 5
10 3
3229 3
1586 1
1453 1
759 4
1456 2
427 5
2780 5
295 0
1161 0
1040 0
1975 5
1469 5
1709 1
2017 1
3107 3
1255 0
848 3
521 5
541 5
1652 2
2792 2
1025 5
1027 0
42 3
1111 3
2901 1
211 0
71 1
417 1
2823 4
2491 3
1608 5
2912 1
2952 0
2485 5
1150 0
1388 1
1402 1
2320 1
1093 3
1691 3
712 3
231 1
2659 3
1952 1
178 3
386 3
3104 3
1391 1
3243 1
3021 1
591 3
2466 5
2344 3
1856 3
197 0
1263 0
1545 0
803 4
1243 0
1048 0
15 5
2618 3
2197 3
547 0
3002 1
264 3
1023 5
647 5
2258 4
70 1
1961 3
1019 5
2242 5
1690 2
2879 5
1284 0
1367 4
2207 4
2458 5
2711 4
2282 0
824 0
2745 3
2006 1
2595 2
748 3
1031 5
2147 0
1098 3
2304 3
1258 1
1226 1
1658 1
3062 5
615 0
785 1
3030 1
2476 1
1533 1
130 3
177 3
1359 3
1180 3
1892 3
577 3
2280 1
1584 5
3099 4
1898 0
1708 1
2829 0
1347 3
602 3
1380 3
1008 3
2156 1
265 3
1862 3
605 0
1232 2
1454 5
1187 5
893 5
2560 5
171 4
397 5
1888 1
5 4
850 1
470 1
2734 1
2150 5
815 2
3150 2
3247 2
2226 3
1149 0
2689 4
1017 3
2988 0
3066 0
396 3
3286 0
2681 1
2009 0
338 1
45 5
1268 0
2149 4
2436 5
2194 5
3149 0
1937 0
2096 1
1157 1
1985 1
957 1
795 1
412 1
890 1
1151 5
767 5
1308 5
2708 5
2165 5
583 3
2152 5
206 5
2489 2
2379 4
111 1
1460 0
1934 2
1194 5
1552 1
409 4
1007 2
2042 4
880 0
2093 0
2225 3
3058 2
2655 5
2685 1
2303 5
2657 5
2598 2
828 2
3103 2
276 5
964 4
2635 1
1169 5
317 1
145 5
1633 1
973 1
1802 5
2444 4
2247 5
3073 5
2697 5
2914 1
1597 1
1963 0
1583 5
64 1
2519 1
3293 1
658 4
2031 1
1153 1
53 1
1270 1
819 0
2064 5
700 4
2254 5
543 1
2970 4
707 5
1641 1
539 4
1781 2
884 1
2523 1
1563 1
2362 5
1191 0
147 4
2937 0
1340 5
3014 0
2310 3
1250 1
2921 1
2412 0
3249 5
797 1
2941 2
2783 5
155 1
913 1
1508 1
817 3
1090 3
2576 1
3183 1
578 1
1110 0
2620 3
2742 1
1457 3
2929 1
958 1
1136 5
1809 0
671 5
3260 5
229 5
775 1
757 1
1022 2
2974 3
2729 5
3029 5
1124 1
495 5
860 1
2302 3
1642 1
2599 2
2153 4
2166 1
2285 2
2698 4
2403 1
2411 3
923 4
245 5
1114 4
398 1
1659 3
3317 0
2374 0
2691 1
137 3
333 5
926 0
1818 1
2561 0
518 5
2911 2
2421 5
2205 1
2982 1
1239 1
3039 1
1869 5
2397 1
1882 1
150 5
250 4
1598 5
527 1
1418 5
2264 0
846 2
1873 2
2501 1
801 5
1211 3
1560 5
2050 1
410 5
1965 1
1693 5
2885 5
100 0
898 5
653 0
168 2
2980 1
3281 1
1358 4
286 1
1982 3
1499 3
1925 3
2586 1
2771 0
1920 4
2942 0
2250 1
2603 1
233 2
2784 3
736 3
1816 4
343 1
1700 1
2837 4
2506 1
1259 2
2746 4
3065 0
2756 1
227 4
2109 3
202 0
2055 4
160 0
2381 5
948 0
1337 0
342 2
1692 5
3277 5
2888 3
465 3
2821 5
2995 1
1240 1
1242 0
1493 5
1551 5
402 3
2925 1
2606 5
962 4
1417 5
1352 3
2808 3
385 4
2511 0
915 0
685 4
381 3
256 1
1168 5
706 1
330 4
639 5
374 3
2972 5
956 2
1414 3
2142 5
616 3
2322 0
1992 0
260 0
972 3
1940 0
1500 5
932 3
2151 0
1488 1
3238 0
2176 1
2932 2
1357 3
1574 3
2103 3
2135 3
931 1
1437 5
2605 1
1704 3
1606 5
1410 5
1033 4
1327 1
1404 1
1635 3
18 3
2525 3
1984 0
428 3
373 4
1057 2
2372 5
2030 3
1349 5
2944 4
728 4
1483 3
520 5
1815 4
997 3
2894 3
1171 4
1011 0
2623 4
357 4
3118 4
3080 0
2626 1
2723 2
2134 4
989 0
3248 1
1412 3
1919 0
3272 4
735 4
2237 1
3 5
2426 3
2075 5
247 0
1028 3
1051 2
1224 0
731 0
740 4
2260 0
1871 5
560 5
2871 4
3169 5
29 2
2682 3
2290 0
999 1
1378 3
405 1
3043 5
1074 1
2714 2
575 0
365 5
1592 0
2558 1
1099 4
1379 1
1772 1
3097 4
102 5
565 1
1849 1
113 1
1351 5
1373 0
370 5
1531 5
2882 0
611 5
3040 2
121 2
2054 1
3025 2
1312 0
2364 1
2812 2
2309 1
389 5
186 0
3269 5
689 0
2326 1
1252 1
1192 5
2645 0
2700 0
38 3
1126 2
1330 2
1609 3
3055 3
640 1
1621 0
1436 1
2248 1
2171 2
393 0
293 0
1640 5
1762 0
304 1
127 1
2541 4
92 4
20 4
2903 1
2208 1
1018 1
2106 3
22 1
726 2
485 4
2545 0
2143 0
1430 4
1408 4
1428 2
2401 2
1223 1
1706 0
603 3
954 3
394 2
2537 1
271 3
1026 4
807 3
1679 1
1325 1
1315 0
2923 3
1587 5
1956 1
2273 2
981 2
635 0
2329 2
2800 1
1783 1
2891 2
2263 3
1016 0
859 0
2328 1
301 3
2324 0
1362 4
2296 3
2705 0
940 1
1777 1
3050 1
1942 5
570 1
2839 1
2234 1
1796 1
1906 1
149 1
1945 0
74 1
1332 1
1561 2
2641 3
1847 5
654 1
3011 1
2169 1
3071 0
887 1
694 5
2579 5
2474 1
41 1
1393 1
1333 5
2748 4
2844 4
1068 5
1365 4
2949 1
1550 3
525 1
2725 1
235 2
1316 4
1061 4
1036 4
1400 4
2078 4
2011 4
763 1
853 1
1097 2
773 5
649 1
966 1
1139 1
3235 3
2380 5
1478 5
1321 3
1293 5
792 1
811 0
420 0
1032 2
1648 2
1951 2
3142 0
423 5
2940 5
1523 2
753 1
1253 5
1182 5
2547 5
634 4
2601 5
604 4
644 1
2865 1
1559 2
1450 1
799 2
175 1
164 5
1857 5
2267 1
714 1
285 1
1123 1
2754 1
89 4
1688 0
691 3
1909 1
2370 4
953 5
2896 0
59 5
1817 0
2198 3
474 1
825 1
3261 1
2013 5
1130 0
2732 0
946 3
1719 0
2588 5
1463 1
1377 5
157 5
3005 4
2000 5
1713 0
1406 1
1793 1
2747 1
467 5
2081 5
2845 5
1702 0
2274 0
1405 5
1554 1
1073 2
2857 4
2806 4
2815 1
1287 1
1646 5
1578 4
3133 1
2475 4
2593 0
2469 3
2212 5
2961 1
1711 1
576 5
681 1
108 2
809 1
1311 3
2702 4
2393 4
1064 3
2587 3
980 0
1743 4
2535 1
1297 2
776 1
131 2
2574 1
2990 4
1941 5
1854 1
636 3
657 2
1923 0
2128 1
179 4
538 3
1820 1
2927 1
2956 0
2216 3
922 0
532 3
1510 1
865 5
1948 0
1542 0
1322 0
404 3
1200 3
154 1
641 3
1870 5
2291 3
1154 3
1521 3
2827 3
2047 3
183 2
2758 1
1835 1
2503 1
2803 5
668 5
2851 0
682 5
1004 1
1766 2
885 0
2581 5
1345 5
1277 4
1083 4
798 1
3075 0
1201 0
2366 3
3182 3
3305 5
2809 0
218 0
788 0
2589 5
589 2
1721 0
530 3
1202 3
1874 4
2410 5
2516 5
949 1
812 4
936 0
3162 5
1701 0
2859 5
1274 0
2672 3
2025 2
1010 3
2325 5
236 3
2958 3
101 5
2227 1
1361 5
320 2
2161 2
1995 2
702 4
508 0
54 0
355 2
895 0
1610 4
3245 0
1891 0
2099 4
422 0
2278 1
1506 1
1852 3
2067 1
241 4
1319 3
2505 3
2408 2
929 3
3179 3
914 3
1248 3
3121 1
204 1
135 1
1251 0
1943 3
1819 5
3284 3
888 3
2661 3
1285 4
3274 4
2265 5
1878 5
2353 2
3270 5
1371 0
3233 3
3004 5
2339 5
2306 5
2992 4
473 4
246 1
123 1
3044 0
3015 2
481 2
359 3
1686 0
1071 3
3119 3
1496 1
12 3
2029 3
764 3
488 0
2463 5
568 5
3278 0
918 4
2107 3
324 0
2191 0
3314 3
3241 0
1448 5
468 0
387 1
378 1
2399 2
2315 0
620 0
2797 3
2634 4
1930 4
599 3
1104 3
284 3
2726 3
3003 3
2427 0
445 1
303 0
80 0
1627 2
813 3
1664 4
2423 3
1744 5
2831 1
2016 1
369 1
2066 0
1917 0
1903 5
826 1
1146 4
3151 0
1082 4
1060 4
2276 1
1727 1
2997 1
3046 1
1481 0
390 5
3210 3
1054 5
1000 0
1366 5
2743 4
23 4
478 5
2508 5
1576 5
2088 2
2993 0
2804 5
2160 2
942 2
1705 2
3288 5
1669 3
1674 3
364 5
1490 1
1804 4
1081 1
3256 1
3170 1
3153 5
287 5
969 5
2113 1
2996 0
947 0
457 1
3069 0
1075 1
562 1
2453 5
778 1
1272 1
2788 5
1696 1
1962 1
1464 5
687 1
484 1
1596 1
2902 5
2731 3
1566 2
2299 3
2195 1
2292 3
780 3
2908 0
430 3
1491 2
1221 1
1396 1
2607 2
2785 2
1289 1
3282 5
2048 0
2507 3
2764 5
1089 5
2471 5
970 3
2998 3
2442 0
494 4
1318 4
2775 4
522 4
904 5
1175 2
348 1
1381 2
2187 1
2830 5
1827 2
2646 1
209 4
2616 2
2613 2
2351 3
294 0
659 1
2323 2
2890 4
504 3
1813 3
434 3
2039 5
2861 0
935 0
2100 3
2779 3
2127 0
124 4
1282 0
2472 0
2200 2
2934 0
1271 1
734 5
3052 4
2435 1
632 0
2184 0
2703 1
1069 2
2609 1
1645 1
794 0
3188 5
2522 1
3198 3
883 3
1632 4
483 0
281 0
1131 2
2228 1
1774 3
3035 3
2833 5
672 5
94 3
959 2
282 1
2566 3
2521 1
2357 3
1163 4
1789 4
413 4
2068 1
19 1
1044 1
383 1
252 3
2994 3
2316 4
1465 0
2886 3
3326 2
2577 2
27 2
1553 2
2183 5
3189 2
1656 2
1275 5
1422 1
2799 1
2138 3
621 5
1024 5
2117 3
375 5
684 4
2496 2
2984 1
2001 0
677 1
254 1
3128 3
268 3
3020 3
1198 3
2565 5
1828 1
592 2
2538 5
262 1
1108 5
555 1
1625 5
2387 5
1397 3
1245 3
2033 4
2070 3
3174 5
3113 5
90 3
3146 3
2437 3
1668 5
1990 4
2231 2
2612 3
1143 4
3102 5
75 5
2959 3
854 2
3309 2
1507 2
345 4
1518 0
1278 0
2211 2
3320 3
291 3
866 3
1712 0
327 0
1029 3
299 4
99 5
2202 4
701 3
782 5
3082 0
581 3
2434 3
2887 1
2849 3
16 3
1338 0
3184 1
3167 1
1424 3
1716 2
176 1
2012 1
283 2
112 1
3000 1
460 0
3228 4
827 4
1455 4
2964 4
2428 4
675 4
861 3
1528 0
2136 5
2457 4
2245 1
648 2
69 5
838 1
1905 1
438 1
39 0
629 5
2733 2
2074 5
86 5
205 4
1953 4
43 0
1755 4
1676 1
1176 0
2073 1
1296 0
2186 1
1736 1
2536 3
1046 3
2539 1
717 4
377 0
1747 3
447 1
2916 2
248 4
768 3
3185 0
328 5
2917 5
476 0
2120 0
993 1
820 0
2008 1
466 1
550 5
3301 5
597 2
1517 5
1732 1
188 1
2133 4
334 4
507 5
3083 5
2243 4
1188 1
752 0
2540 3
3230 1
2481 5
2389 2
3173 5
796 5
2319 1
126 5
1614 0
1974 5
2279 3
1076 5
318 5
1100 4
1434 1
1088 0
3054 3
3095 3
3110 3
808 1
207 5
751 5
1602 1
1395 4
2563 4
2179 2
3109 5
3163 0
1505 1
2935 1
2973 1
2867 4
2546 2
2667 2
161 3
2781 5
2336 5
1128 5
1511 1
1803 0
288 3
85 5
1673 5
1988 0
777 5
601 5
2870 0
34 2
1567 3
754 1
3033 3
2180 1
2192 1
2342 4
2658 1
153 1
2346 3
2825 2
833 1
1760 1
1824 4
1167 5
1021 5
786 1
549 5
1147 5
1562 2
1665 0
1581 4
1172 1
844 1
1103 0
2580 4
544 0
2881 5
3283 5
1790 2
1863 5
2678 1
1834 5
977 0
2755 4
600 5
3217 1
1174 1
1601 5
593 4
2670 4
2034 5
1529 5
2753 1
1013 0
2185 0
2842 1
1926 0
1677 5
1497 1
2938 5
1520 1
66 5
822 0
292 1
990 5
