1485 5
2621 0
1232 1
1815 1
1519 3
359 3
1477 6
1122 5
1631 5
149 6
1230 5
537 4
622 3
2165 2
1896 5
2313 5
996 1
111 5
409 5
84 5
714 6
146 1
744 4
442 3
679 1
625 6
1325 5
589 3
1479 5
503 0
693 2
2339 5
2000 2
376 5
2029 1
2650 1
2125 5
837 1
1793 4
1381 1
2412 6
579 3
375 4
2075 5
2073 2
694 1
880 5
1350 2
286 3
2320 2
1863 2
1437 3
887 6
1634 4
2200 6
2596 4
1912 6
1633 1
2634 5
879 5
817 1
1431 2
2573 3
40 1
1332 2
1227 4
1029 2
1994 3
1165 5
2532 2
1465 6
1719 3
671 5
926 1
2408 3
873 2
955 3
1790 5
830 6
1698 6
2189 5
150 3
908 1
1439 5
2214 3
559 1
2440 0
782 0
621 6
1243 6
1161 5
901 5
73 1
62 3
1755 3
2106 3
15 2
341 5
1914 6
80 3
1239 4
1751 5
107 5
1204 1
1897 5
2299 3
193 0
935 3
574 3
1493 6
800 5
1594 5
1435 5
2367 5
601 6
2258 3
1245 2
924 3
538 1
1260 0
2446 4
1233 5
2239 5
2420 5
1172 5
97 5
809 3
1210 5
2443 1
613 4
982 6
242 3
2143 1
1484 5
1674 5
1737 0
2514 0
950 3
2061 3
50 4
233 6
92 4
1125 5
1931 5
2364 5
1632 4
611 5
2460 2
1824 1
270 2
1843 2
2461 6
767 5
2665 5
113 5
1228 3
777 0
1001 6
1918 0
2196 6
1870 5
1207 3
906 1
1248 4
930 6
1975 0
320 2
1455 1
1676 4
2674 5
577 3
769 6
1872 2
2236 1
1546 5
1197 5
2031 0
581 6
1388 0
112 5
2085 5
2170 6
867 3
913 2
192 0
527 3
373 1
2238 5
2490 4
2094 4
2092 5
928 4
1119 5
74 5
1829 5
1711 0
346 0
677 1
2039 5
1476 6
2162 5
1868 5
997 5
1937 5
2397 5
1139 5
1731 5
670 5
44 6
1448 4
210 1
668 3
2520 5
1486 1
528 5
654 2
2477 0
937 5
1788 3
1513 4
844 1
1042 2
1968 2
1528 0
869 0
1624 2
2536 5
898 6
278 4
1254 5
1747 5
2082 2
635 5
1279 5
697 5
2635 5
2182 2
1569 4
2529 5
1501 1
770 4
1899 5
265 6
1410 4
2382 5
1246 2
2351 3
227 1
96 3
1163 0
1021 3
1168 6
2195 1
1767 5
116 5
2018 6
1330 2
2683 5
2493 5
2112 2
1517 3
69 5
1874 2
2670 5
1814 6
2308 4
1999 2
776 6
936 5
2422 5
798 3
1499 5
1104 5
2329 4
2619 1
1792 3
90 3
292 1
495 3
365 3
2545 3
2418 1
2057 5
818 5
2314 2
1984 2
199 0
858 6
307 2
2056 2
2488 4
1043 5
137 3
1057 5
2362 1
562 1
916 6
1158 5
2225 1
1645 6
1480 2
1348 5
2179 0
1050 2
253 5
251 1
1529 1
41 0
1958 6
1171 4
838 5
181 5
2561 3
1080 2
2631 0
1553 5
474 0
2272 6
171 2
1983 6
859 5
1739 1
1664 6
2152 6
565 3
1985 3
1590 3
2601 3
1488 5
1601 4
543 5
161 5
2613 3
2274 1
2222 6
2118 0
881 5
78 5
1810 5
2197 3
1963 5
2625 5
396 3
2228 4
1807 0
319 3
620 5
172 3
604 0
692 5
1030 5
2205 5
2043 3
1972 5
1025 5
1277 5
1610 5
438 4
2500 3
194 5
349 5
280 4
2401 5
2181 5
2310 5
1524 5
2448 5
1102 1
135 5
2219 5
247 1
2192 3
2149 4
2379 0
1296 1
944 6
355 3
1893 5
406 6
321 0
1659 4
339 6
2453 6
2084 5
971 5
810 1
940 5
2633 5
2212 5
2209 3
1602 4
502 5
1611 3
2703 5
54 5
2687 4
1121 0
1466 5
1284 3
1621 5
1365 6
1090 3
1346 4
1062 4
1005 5
106 5
734 5
2328 5
212 5
2076 5
1596 1
755 5
39 1
833 5
2175 2
1469 4
515 3
211 0
1662 6
492 3
1109 5
2054 6
963 4
918 3
1822 6
1833 1
578 0
813 5
2381 0
1617 3
226 6
2303 6
1947 0
1783 0
1220 2
2044 5
1997 6
1206 5
1760 6
573 5
2689 1
790 2
922 3
1658 5
2519 5
2245 2
1066 1
568 5
2405 4
1609 2
1317 3
1039 1
1375 3
269 6
2671 2
854 1
1113 6
1103 2
260 5
2171 6
473 1
1652 5
1727 5
2499 1
1884 3
468 1
403 1
1442 3
2626 3
12 5
1637 2
1990 1
1969 1
2495 1
849 5
1096 4
245 5
586 1
1681 2
1858 2
737 5
2005 6
969 2
1249 1
148 3
57 3
1384 2
2699 5
328 6
324 5
2427 1
1589 3
807 1
255 4
2226 5
2049 3
1403 5
2641 6
43 3
766 3
851 1
1452 5
158 1
2154 5
2441 5
1599 5
166 1
1269 6
2027 6
609 0
1483 3
2522 3
2338 5
842 3
2081 6
580 3
1333 5
1754 6
1347 6
989 5
968 5
2253 0
1427 6
2402 4
1367 5
120 6
1088 5
704 5
1685 5
2315 5
1961 4
434 5
1140 3
1128 3
1402 2
703 6
1622 5
666 4
1715 4
2001 2
423 2
2511 2
1370 5
768 2
1762 5
872 5
2128 4
2136 5
2346 1
787 6
656 6
1299 1
1188 1
1987 5
884 1
1151 6
506 6
1377 3
1706 3
344 1
1459 6
1915 5
128 1
147 1
1520 1
1603 1
234 1
412 1
1349 1
475 6
1876 5
1900 6
2187 5
1667 3
1095 6
1497 1
520 5
332 3
1434 2
2291 5
1064 2
1885 2
378 2
325 2
1574 3
539 0
1143 5
1361 5
1180 1
1840 5
1774 5
2074 6
1219 5
2654 2
1399 2
2657 5
1556 6
2444 0
392 0
398 5
45 5
2224 1
2373 4
2594 2
2045 5
1261 5
1311 4
1292 5
1797 5
2037 5
531 5
1521 5
1359 2
195 5
763 6
1697 6
588 5
722 5
2259 6
232 3
829 5
1688 1
2457 5
402 3
732 6
411 5
470 5
516 5
1097 5
883 2
2501 5
903 5
892 3
9 1
2086 2
2042 6
2009 1
551 3
976 6
2388 3
700 6
511 3
534 3
497 2
2439 1
2220 3
661 3
244 3
1996 5
1625 2
2605 1
645 5
2662 0
1853 1
1919 0
383 5
911 1
382 1
2135 4
1861 5
1354 6
123 3
2636 5
657 5
1636 5
2417 5
1735 5
174 5
1304 5
1098 0
795 2
1808 1
2372 6
1534 5
1498 5
2096 0
518 5
1545 5
2659 5
1409 2
2673 5
2069 4
2492 1
554 2
303 3
1191 5
1376 2
2108 5
1857 1
2384 4
1478 2
2199 1
1324 6
268 5
2560 5
2586 6
1507 5
741 3
2161 5
1803 1
2138 6
643 5
965 5
1069 5
1765 3
2479 5
1773 6
157 0
125 5
549 5
345 6
2330 3
712 4
462 3
1716 4
33 3
2234 5
484 4
1851 5
1383 5
2475 5
820 4
1888 6
2077 3
1707 5
1492 3
1717 5
548 4
2692 4
1398 3
1014 5
185 5
1159 6
1530 1
2565 1
1089 0
7 5
775 5
1407 1
857 1
1838 6
1456 5
1867 3
1740 4
1252 4
2083 5
1335 5
2268 5
952 3
1862 1
1766 1
1224 5
840 2
405 5
2658 5
2117 4
2016 0
1387 4
2133 4
1891 3
1772 2
182 6
1577 6
861 5
2331 4
2365 4
983 5
1869 6
575 3
570 4
316 5
167 5
1933 3
1806 1
132 5
489 1
1278 3
1959 3
517 6
2378 5
2544 4
1253 4
2017 5
2142 2
1423 5
1881 2
2157 6
1123 3
440 3
1763 4
235 6
1040 6
699 6
1898 4
2693 6
1654 6
139 5
469 5
1905 6
653 2
261 4
1584 2
2609 3
675 4
802 1
1203 5
2624 2
2322 1
1047 5
1182 5
759 5
530 4
118 5
1234 4
1543 5
1041 4
1616 5
186 2
954 2
1162 2
1285 5
682 5
243 6
1464 5
596 2
529 2
2570 5
914 3
852 5
156 5
1247 5
77 2
2282 5
72 4
750 5
1200 2
1993 6
2155 0
1070 3
2701 5
658 5
2146 3
1316 1
994 1
2482 4
1092 5
289 4
856 6
702 6
2047 0
1796 3
259 3
165 3
1657 6
1627 4
2433 3
1115 4
1508 2
1505 2
1726 6
972 4
370 6
2546 2
483 5
843 5
1223 6
541 5
1145 5
2285 1
2558 3
1425 1
1626 3
938 5
1274 5
2462 5
1608 1
826 6
2356 0
1563 5
1854 1
317 4
1153 5
2019 1
1533 2
665 6
271 6
1504 5
1943 6
1129 3
2015 3
236 5
2030 3
2010 3
2666 0
1471 3
2316 3
1404 3
1954 3
2428 3
305 5
2216 4
2280 2
1548 4
81 6
673 3
544 3
1600 5
1549 5
688 5
1846 3
1472 4
1769 6
705 5
407 3
2038 5
209 3
2035 5
347 3
2393 5
1395 5
1613 5
1830 5
2160 2
1929 2
1033 6
25 5
1017 6
923 2
1979 2
1506 3
1314 5
637 6
1137 6
2347 1
2473 4
2371 4
1449 1
678 2
1902 4
1019 5
2217 4
1126 4
34 4
309 4
291 3
663 3
2436 5
1889 2
545 5
1757 5
228 3
430 2
2358 3
1422 4
1701 3
262 6
377 4
1286 6
786 4
1417 4
1936 0
2145 4
1515 5
2269 0
1779 4
1060 4
448 4
1055 6
1871 5
1175 3
505 4
258 3
1532 4
2174 3
1024 4
2623 5
765 3
337 6
509 5
1704 5
499 5
927 2
1770 4
585 2
1265 2
556 3
1639 2
2064 3
216 1
1443 5
431 5
977 2
986 2
1962 3
1620 2
1020 4
2283 3
1944 0
832 3
1093 3
2290 6
1930 2
1555 2
814 6
204 6
1527 5
2466 6
2706 0
115 0
1181 4
254 0
133 0
2568 1
1309 3
248 5
2434 3
103 4
1225 5
2415 4
2505 6
196 3
1195 5
674 5
633 5
358 6
6 6
1048 6
960 6
2065 5
1955 3
2559 4
454 5
486 6
421 2
1157 4
672 4
1134 4
175 5
1081 5
19 2
1956 2
868 5
1291 5
752 5
2518 5
1949 1
2304 2
2177 2
569 2
155 0
1903 6
86 5
2524 5
1394 6
1673 4
1550 5
2131 5
2134 5
1559 5
1982 5
874 4
834 0
2478 6
2607 4
1950 3
2184 4
2472 5
220 5
1812 5
326 4
571 4
2300 0
1945 5
1371 0
1849 6
2375 5
1649 3
2615 4
369 3
970 5
742 5
1684 0
362 0
415 3
404 2
2088 0
598 3
2120 3
1518 5
1802 2
2571 5
2260 5
162 6
38 5
1562 5
2598 6
223 4
2690 3
2193 4
1111 4
2491 5
1412 2
626 0
282 5
1085 6
1791 6
1380 4
2113 2
131 3
597 6
1536 4
2369 2
1430 5
184 4
1816 4
2279 5
1236 5
2067 4
2533 5
2114 5
91 5
1318 2
639 2
1391 2
2343 6
1526 2
2498 2
2026 4
2669 3
2504 5
1235 4
1978 4
595 6
1076 3
2698 4
1144 6
2620 4
648 1
784 2
1703 4
61 4
2602 3
2612 4
413 4
547 5
706 5
2208 5
2702 3
1835 2
2542 5
1957 5
2450 0
526 2
2275 4
895 2
1841 2
1595 3
2062 5
2119 3
2360 4
1883 6
1323 6
720 3
2585 2
1941 6
1242 0
803 6
522 4
441 3
1027 5
217 6
1695 5
480 3
533 6
2537 6
2409 4
824 5
624 0
1687 4
865 5
2080 0
1683 6
1894 0
1114 1
2354 4
1146 6
366 3
2531 6
669 5
2663 6
31 5
891 6
64 1
659 1
2578 2
436 5
2628 5
1771 6
329 6
2599 6
793 5
525 3
631 1
2695 5
2394 4
1696 4
2606 4
2639 4
794 0
1054 2
8 2
1212 5
2646 2
726 1
1241 2
306 2
1276 4
1826 1
920 4
1798 4
651 5
707 4
2445 5
1965 6
799 4
2575 4
18 0
771 6
466 1
1136 5
2507 4
2151 4
1216 4
95 2
2435 0
685 6
1887 6
1619 6
1393 6
2424 5
2334 3
1053 3
2124 5
738 5
783 0
2237 5
716 5
806 5
2248 2
457 4
471 5
108 5
1000 5
2416 1
1653 5
532 3
723 0
275 4
1374 5
804 0
1799 6
2667 4
1787 5
472 2
2204 4
1906 5
1917 5
1130 6
2173 3
2223 6
2467 6
590 0
1436 5
2502 6
55 4
724 0
384 3
557 4
961 2
1259 4
680 6
207 5
426 5
372 5
2089 5
980 5
1571 4
279 3
2167 3
2158 5
1156 6
2090 3
1817 0
410 5
2682 3
761 5
1827 6
2508 0
1106 5
749 4
1037 5
2421 0
2471 2
1585 4
479 2
684 4
1420 6
277 5
2535 3
2305 6
1154 6
1992 4
2309 0
433 5
2681 1
825 5
491 1
1231 2
445 5
2390 4
740 5
60 5
646 6
385 5
973 3
616 4
2100 3
2150 0
1578 5
676 6
2380 4
267 4
764 4
1907 4
2644 4
153 3
1570 3
943 6
380 3
311 6
2344 5
1795 5
1082 5
2232 6
2576 2
188 2
2614 5
335 3
1708 2
134 1
2691 2
1132 4
2454 5
2048 4
1895 2
1909 2
389 5
1892 3
2132 6
1522 5
797 6
1670 6
1012 4
1463 6
2485 6
1651 5
1606 5
866 2
1194 2
1875 4
2033 0
2550 4
439 3
1565 5
1989 5
1813 3
2459 1
1604 2
1258 1
1270 4
1189 4
1540 3
709 5
1273 5
1656 5
1344 2
1307 6
1995 5
1034 6
2071 5
2301 6
1208 4
17 4
152 3
276 5
1523 4
1967 4
2664 3
2014 5
1980 5
1238 6
1337 2
1503 5
1575 3
1061 4
1839 5
1805 5
2266 2
2198 4
241 4
1966 4
2515 5
644 2
300 2
79 3
1288 3
374 2
1282 5
1300 5
2632 3
1481 2
2127 5
629 5
691 5
2398 4
1745 3
126 2
2263 3
2172 0
1648 0
845 5
1742 5
2352 4
249 6
695 0
465 5
494 3
1834 3
178 1
1916 4
1647 1
1946 4
1360 0
104 1
2655 6
2661 0
2480 5
1358 1
1176 2
1058 6
2164 5
2144 5
576 5
1426 2
2194 5
1315 4
979 6
83 5
1373 3
1363 1
681 6
513 5
2122 5
1461 3
1429 5
1702 2
1152 4
66 4
550 6
1686 6
1738 5
1264 5
381 5
1560 4
1842 4
1568 2
2176 4
2487 5
2506 3
2553 3
1682 5
939 4
988 6
2685 2
667 6
919 5
1022 0
1411 5
2317 5
2484 0
2002 5
2476 6
1142 6
2063 5
2340 5
2474 4
1217 2
1046 2
293 2
387 5
360 6
460 5
21 3
1855 3
514 3
1184 6
208 3
124 3
743 5
1988 5
778 6
2543 5
823 3
791 2
429 6
1922 1
1730 4
51 5
1748 4
1006 0
2087 5
397 6
801 6
1275 4
356 5
2202 3
1821 5
1202 3
1784 0
1699 1
461 4
1390 2
2642 3
2569 4
1680 2
1244 2
1741 4
297 2
1629 5
37 0
352 1
1811 4
1832 2
894 3
2111 4
1083 3
2452 1
2697 5
945 3
1732 3
201 6
2284 5
2431 2
2617 2
733 2
2455 3
1494 2
606 1
1689 4
2257 5
225 1
1768 6
2312 5
535 4
2289 5
1424 4
757 6
1650 6
1065 2
2554 0
1418 2
788 4
932 4
1428 1
630 2
1677 4
2156 6
2186 4
2021 0
1566 5
2648 4
2218 1
2391 3
2483 5
721 2
1663 1
773 6
2525 0
2093 4
2153 1
310 4
1400 5
2288 5
1580 3
1056 4
11 6
2242 0
1177 2
2273 4
1641 1
632 5
368 5
696 3
1133 4
1714 5
23 6
342 5
2523 6
1964 3
1942 0
2643 5
424 4
1960 5
2053 3
897 3
896 5
2651 1
649 2
35 6
2584 3
2249 0
1535 2
1462 0
900 5
144 3
642 1
1110 2
1018 0
835 4
1579 5
2647 5
2527 4
2551 1
2442 5
151 5
1845 2
2591 2
2178 5
508 4
603 5
198 2
2400 3
774 2
2355 1
959 5
482 5
1067 4
2121 6
425 2
1084 1
1712 4
2046 0
2521 5
827 2
1761 3
1640 5
4 5
1320 5
2276 6
816 5
2036 3
512 6
1240 4
2203 4
1487 5
400 2
218 3
2333 5
2359 5
1877 6
1638 4
312 6
812 5
2438 4
2147 2
1313 4
2370 5
168 5
2595 6
564 0
1644 2
583 3
962 3
2097 6
1547 0
1339 4
1743 0
2298 1
1454 4
1588 4
1573 4
931 4
2516 6
361 1
701 4
1470 2
725 4
1051 5
2468 2
71 2
330 5
2254 5
1342 6
1720 1
2109 5
2387 6
1341 2
1734 2
2243 6
432 5
2503 5
2399 1
751 6
428 3
1036 3
2403 4
584 3
2020 4
266 5
1460 4
1908 0
1511 0
1120 3
2392 3
2630 5
715 5
2099 0
10 6
2091 4
1512 4
1525 4
1597 3
593 5
1809 3
754 4
1777 2
864 4
2104 4
1185 4
2342 6
929 4
1723 1
2139 3
2396 4
231 5
727 4
2404 5
1927 3
1280 6
22 3
1035 0
1408 5
1379 2
26 5
1319 1
1392 5
1150 4
1502 3
2183 1
2686 3
1169 5
1789 3
1475 6
615 5
1468 3
2068 3
2366 5
592 1
1305 1
202 4
313 5
1179 4
2547 5
1372 5
1328 5
274 4
1068 0
1016 3
1592 5
2350 1
1178 1
394 0
730 1
2426 3
478 4
2103 4
2526 6
501 5
1378 5
1262 5
662 4
453 1
446 6
1440 5
1782 5
1564 5
1295 4
1552 4
2678 5
1166 4
781 3
180 5
2600 3
862 3
213 2
1405 2
1724 5
1174 4
2563 6
229 2
634 5
2449 5
2079 5
1397 5
1878 5
2102 5
2389 1
934 5
331 5
1630 0
1357 5
2078 5
1818 5
1554 6
2264 6
507 5
902 4
2572 6
239 1
1312 3
1890 2
2201 4
1237 4
1823 6
1850 4
2265 6
2271 4
1866 0
1775 3
179 4
735 4
1334 1
1297 3
878 2
154 1
1101 1
853 5
2050 5
2004 6
647 0
1303 4
455 5
1661 3
1718 6
2653 2
2070 2
76 3
2700 3
2190 6
2025 1
136 2
58 6
2353 6
2567 6
1973 2
2618 5
822 5
2481 5
1118 3
2252 5
660 3
215 5
283 4
340 5
758 5
1414 6
2137 3
949 2
640 4
594 5
567 4
1256 0
1355 2
2549 4
1221 5
2251 5
2095 5
2066 5
1094 6
308 5
1749 4
488 5
164 2
1205 5
390 3
314 5
2557 5
2028 6
2688 3
2361 3
350 3
2386 3
2034 5
219 5
1079 2
1127 4
127 3
1293 3
1003 3
2357 3
1147 3
1008 4
1952 5
1538 3
1327 5
582 5
1776 5
30 4
2437 6
1828 0
882 5
2012 4
1605 3
1948 5
1953 6
1911 4
1660 3
222 5
2072 5
487 5
2374 4
2649 4
987 5
1910 3
449 3
2622 5
2130 4
964 3
2297 3
1209 5
2638 4
1351 3
1675 3
2032 4
1856 0
627 3
1287 4
991 5
334 5
1362 5
1509 4
599 2
1491 5
2166 5
1940 1
2610 0
1401 0
2548 1
2447 4
2592 4
299 5
2287 0
46 6
351 0
1780 6
1646 4
2704 5
2616 6
252 5
1935 1
855 5
2581 4
999 3
48 4
1510 5
1655 1
386 2
338 3
2349 3
1467 1
600 4
285 5
322 3
1709 3
203 4
1073 4
1441 6
14 2
2589 3
296 2
1343 5
729 3
762 3
877 3
197 3
451 3
2163 5
1310 5
416 5
2302 4
1542 3
304 4
2534 3
183 4
143 6
364 6
2463 6
561 1
1396 3
1183 0
264 2
273 6
443 6
2597 5
0 1
1255 6
1289 3
912 3
1087 1
2539 5
1713 5
957 5
393 3
1271 5
1678 5
711 3
1847 5
1010 1
546 6
2255 5
1052 4
1820 6
2327 0
572 5
690 3
1939 2
1369 6
2705 2
2603 2
2215 4
2604 6
1721 5
256 5
947 5
1489 5
1981 0
998 5
904 4
363 2
2590 5
638 5
287 1
1879 2
871 6
1196 6
2332 4
2318 5
748 2
1451 4
1105 6
177 2
2059 2
2293 2
110 3
1116 3
984 4
1416 6
1635 6
2629 5
2261 3
2207 0
87 2
444 5
2140 6
2041 2
2395 2
1306 3
1623 4
88 3
490 0
1356 6
2376 3
893 4
1593 5
1886 5
1694 5
1825 4
1970 4
5 3
2115 4
1586 5
2464 2
563 6
2007 5
2429 3
29 5
2562 0
327 3
2247 6
2451 6
2593 0
1331 4
28 4
1167 4
99 4
2235 5
105 0
2256 5
1298 3
521 5
290 6
1800 4
1190 5
636 6
907 3
2419 3
114 4
2267 5
1457 1
2180 5
1860 5
1794 5
2210 2
1786 2
1844 5
888 5
189 0
1353 3
459 2
1389 5
1693 4
2060 2
16 0
1692 4
2191 6
2494 5
2326 3
1078 2
187 3
1474 4
1117 3
992 6
978 0
1368 5
560 3
1880 6
333 6
2497 5
1364 3
1998 0
422 1
281 2
2588 4
496 3
772 5
975 5
85 6
2024 2
2040 0
294 3
710 3
552 3
1366 5
614 0
1865 3
1226 4
1558 3
713 3
100 6
1302 3
122 4
2123 0
1004 6
2335 4
2540 1
2423 4
450 5
1781 4
890 5
1385 1
1531 6
98 5
504 6
760 1
2707 2
1729 5
1345 5
2470 5
272 0
140 0
619 0
2510 5
2311 4
2246 4
2580 0
3 0
2233 4
1736 6
808 6
435 4
1977 4
1086 5
2368 4
1904 5
295 4
2517 4
1438 4
348 1
1500 3
553 1
698 6
2684 4
2679 5
2680 0
1002 5
1923 2
1447 4
1023 0
863 5
2652 3
399 4
875 3
1612 1
2110 5
2348 5
1338 6
2296 4
2640 5
2676 5
1971 0
1666 5
747 2
2675 4
2413 5
2668 3
510 3
2465 5
1352 4
1059 4
2006 5
1218 0
1267 3
94 3
2489 5
1758 2
1615 2
1406 6
1164 5
119 4
1753 4
1453 4
2141 4
1326 4
302 0
1591 4
1141 4
1329 5
805 4
2564 5
731 4
2528 5
1607 4
1031 5
82 5
941 4
1932 4
2566 3
68 4
1250 5
2345 4
1108 5
52 4
717 5
1336 6
746 4
1322 5
2129 2
2295 4
159 5
2406 5
1928 4
1974 5
618 0
1100 5
2337 5
1921 3
789 4
831 3
1583 3
288 2
953 0
2306 0
323 3
498 3
89 2
237 4
1764 4
1173 6
1582 4
452 2
2469 0
1135 3
2011 4
1537 2
2512 5
419 1
357 5
2411 5
2058 2
889 1
2013 2
1882 3
1819 0
993 3
739 5
1308 6
1301 4
2206 4
1672 3
1266 2
779 6
467 5
519 5
13 3
1671 6
1281 5
1421 6
628 6
850 1
173 6
1642 4
2055 6
2098 4
1614 6
336 4
481 5
493 5
1160 5
915 2
981 0
141 5
876 3
1643 6
1148 3
974 5
951 6
1187 6
792 4
2672 3
401 5
1294 6
476 5
650 5
395 4
1778 6
2530 5
2213 6
206 5
2307 5
1038 2
1107 6
828 4
821 3
2496 4
847 2
1514 0
2 3
995 6
414 1
719 2
1801 5
617 2
1473 2
371 5
958 5
240 3
1186 5
2185 3
1722 5
687 4
956 3
2336 5
1290 5
27 5
36 3
1951 5
641 5
1926 5
921 5
753 3
2211 5
2229 6
1445 4
2611 5
1628 5
2221 2
1124 4
420 5
860 2
555 2
745 5
2696 3
655 4
417 2
1214 3
1705 5
985 1
1009 4
1561 1
1864 5
2383 5
427 1
67 1
1785 5
250 5
2627 2
1015 3
2509 3
2168 6
2608 3
130 3
1756 3
2325 5
353 6
318 0
263 3
2407 0
1268 5
1170 3
2456 4
607 1
463 0
1752 1
1272 5
841 3
967 5
2425 0
708 1
785 5
605 5
602 5
1618 0
839 1
623 3
2556 1
2694 5
2645 4
1415 2
1496 5
1728 0
102 0
1 4
2188 5
1495 1
966 5
176 6
905 3
298 5
1551 3
65 5
990 3
524 3
257 3
910 3
885 3
2023 2
2513 2
1544 6
886 3
1859 5
160 4
2116 2
437 1
756 2
163 3
925 6
1450 6
418 5
2270 4
2240 4
1679 1
836 6
1924 2
2577 6
1920 2
20 1
1032 5
683 6
2126 3
1211 2
56 4
1011 5
1913 3
1192 0
169 1
917 6
1193 5
2486 5
1587 5
2538 5
190 5
1283 5
47 2
301 5
2555 4
870 5
815 3
587 5
145 6
388 6
1873 3
2101 6
2105 4
447 5
2385 3
367 4
70 4
536 5
1432 4
42 4
1131 2
2323 4
1251 5
1750 5
1901 3
230 3
2148 5
1831 0
1091 6
1007 3
718 5
1576 3
1744 3
1976 5
1446 0
2292 5
796 1
2262 5
142 5
1837 0
2324 5
1155 4
2582 5
2231 3
2230 2
1099 5
2341 3
1045 2
1199 6
1991 5
1263 0
32 1
2430 5
1598 5
909 4
523 6
1382 2
93 5
558 3
109 3
2052 6
170 3
1925 5
608 4
2677 4
1028 2
2414 3
500 5
848 2
2656 5
2241 5
1710 5
1077 5
2410 3
846 5
59 3
101 5
205 3
1852 3
736 5
1444 6
2363 2
1198 5
1149 6
138 5
477 2
1938 1
284 0
129 3
1572 0
1075 3
1413 0
200 3
63 2
1215 5
2022 5
2319 3
354 2
2286 4
899 5
1386 4
1257 5
2107 0
566 5
1836 4
2637 2
2227 5
75 2
664 5
2660 0
1690 5
214 5
1557 5
610 4
811 2
540 5
391 2
1733 0
2458 6
2244 5
2003 3
1541 5
1074 2
2250 6
1759 4
1072 5
408 2
1848 6
246 1
315 1
2579 4
1112 5
1482 5
728 6
1222 3
379 2
1516 0
542 4
224 4
485 5
53 0
2294 4
1725 5
2277 4
652 6
2321 2
1229 4
1433 1
1490 5
1321 0
689 0
1746 6
191 2
1213 6
464 3
591 1
1581 2
2281 6
1340 2
1804 4
238 3
1665 3
780 5
1138 0
458 4
456 2
686 1
1691 4
49 0
2159 3
1063 5
1700 5
2377 5
2169 4
933 5
1668 6
121 5
819 3
1539 5
2051 3
1071 5
612 5
946 3
2278 5
2541 5
1458 6
2574 5
1934 1
1669 4
1201 6
1049 6
1567 5
942 2
221 3
2587 6
1026 6
1419 6
1044 3
948 3
343 3
24 3
2008 5
1986 4
117 4
2583 4
2552 4
2432 2
1013 5
